3436
3436
3437
3437
3435
3436
3436
3437
3436
3436
3437
3437
3437
3437
3436
3437
3437
3439
3437
3438
3437
3437
3438
3439
3439
3439
3440
3439
3441
3433
3426
3412
3402
3383
3361
3337
3301
3269
3237
3200
3163
3123
3080
3045
3000
2954
2908
2861
2807
2757
2711
2662
2612
2566
2526
2477
2429
2380
2330
2270
2227
2182
2135
2082
2040
1987
1943
1902
1848
1813
1759
1715
1672
1627
1586
1543
1511
1472
1431
1394
1356
1319
1285
1240
1207
1175
1141
1111
1082
1051
1023
1003
976
953
928
906
887
868
846
831
814
797
782
758
744
733
723
712
704
694
686
678
671
666
662
656
652
648
644
641
639
635
633
631
630
629
628
626
625
624
622
622
621
621
620
619
620
619
620
619
620
620
620
620
620
619
620
620
620
621
620
620
620
620
620
620
620
619
622
622
620
621
621
621
621
622
622
623
623
622
619
619
623
623
624
626
626
627
628
627
629
629
630
631
632
634
636
637
639
642
641
644
645
645
647
650
650
652
655
658
661
663
665
668
671
675
677
681
685
690
693
696
701
705
709
712
717
721
725
728
732
736
737
741
743
747
749
749
752
752
754
756
757
757
757
757
763
757
758
757
757
758
757
758
757
758
758
757
757
758
758
757
758
756
756
754
753
753
752
752
751
750
749
747
748
745
744
743
742
740
741
739
738
736
735
734
733
732
731
729
729
727
726
725
727
723
722
722
720
720
721
719
718
718
717
717
716
715
715
715
713
713
713
712
712
712
712
712
711
709
710
711
710
709
709
708
709
708
707
705
705
705
705
705
704
704
705
703
703
702
702
701
701
701
701
701
700
699
699
699
698
698
698
697
697
696
696
696
695
695
694
693
696
693
693
694
692
691
691
690
689
690
688
688
687
687
687
686
685
685
684
683
682
682
682
681
680
679
679
678
677
677
677
677
676
675
676
673
674
672
672
671
670
670
670
669
669
669
668
667
666
666
665
664
664
666
663
662
662
662
661
663
661
660
658
658
657
656
657
655
655
655
654
653
653
653
653
652
651
651
651
650
649
649
647
648
647
647
646
646
645
645
645
645
645
644
642
642
641
640
640
640
640
641
639
639
639
638
638
637
637
636
636
636
636
635
634
634
632
633
632
631
631
630
630
630
629
629
629
629
629
628
628
628
626
626
626
626
624
624
623
623
623
622
622
621
621
621
620
620
619
619
618
618
618
616
616
617
616
615
615
615
614
614
615
613
613
613
613
612
610
610
610
610
608
608
608
608
607
607
607
606
605
605
605
605
604
604
603
603
602
602
601
601
600
601
600
599
599
598
598
597
597
598
596
596
596
594
594
594
592
594
592
591
592
590
591
589
589
589
589
588
587
587
587
586
585
585
584
584
583
584
583
582
582
581
581
581
580
580
579
578
577
577
577
577
576
575
575
575
575
574
573
573
573
573
572
572
572
572
571
572
570
570
569
569
568
568
568
568
568
568
567
567
566
565
566
566
565
565
565
564
565
564
564
563
562
563
562
562
562
562
561
561
560
560
560
560
559
559
559
560
558
558
559
558
558
558
557
557
557
557
557
558
556
556
556
555
555
556
555
555
554
554
554
554
553
553
553
552
552
552
552
552
552
551
551
551
551
550
551
550
550
549
549
549
549
549
549
549
548
548
547
546
547
548
546
546
546
546
546
546
545
544
545
544
544
544
544
544
543
544
543
543
543
542
542
543
542
541
542
541
541
541
541
540
540
540
539
540
540
540
538
538
538
538
538
538
538
537
536
536
536
536
536
535
536
535
535
535
534
535
534
534
534
534
533
533
533
533
533
532
532
532
532
532
532
532
531
531
531
530
530
529
529
529
528
529
529
529
528
528
528
528
528
528
529
529
527
527
527
527
527
527
527
526
527
527
526
526
526
526
525
526
525
525
525
525
525
525
525
524
525
524
524
524
524
523
523
523
523
522
522
522
522
522
522
522
522
522
521
521
521
520
520
520
520
519
520
519
519
519
518
518
517
517
517
516
516
516
516
516
516
512
512
512
512
512
512
512
512
512
512
511
511
511
511
511
511
511
511
511
511
511
511
511
511
511
511
511
511
511
511
511
511
511
511
511
511
511
511
511
511
511
511
511
511
511
511
511
511
511
511
511
510
510
511
510
510
510
510
510
510
510
510
510
509
509
509
509
509
509
508
509
508
509
509
508
508
508
508
508
508
507
508
507
508
507
506
506
506
506
506
506
506
506
505
505
505
506
505
504
504
506
504
504
504
505
504
503
505
503
503
504
503
503
503
503
502
502
503
503
502
502
502
502
502
502
503
502
502
501
501
501
501
502
501
501
501
501
501
501
501
501
501
500
500
500
500
501
499
500
500
500
500
499
499
500
500
499
498
500
500
500
500
498
498
499
497
498
498
498
497
498
498
498
497
497
496
497
497
496
496
496
496
496
496
495
495
496
496
496
496
495
495
495
495
495
495
495
495
495
495
495
495
494
494
494
494
494
494
493
493
493
493
493
493
493
493
493
493
493
493
493
493
492
492
492
492
491
491
491
491
491
491
491
490
490
490
490
489
489
489
489
489
488
489
488
488
488
488
488
487
488
487
487
488
487
487
487
487
487
487
487
487
486
486
486
486
486
486
485
485
485
485
485
485
485
484
484
485
484
484
484
484
484
484
482
482
482
482
483
481
481
481
481
481
480
480
480
479
480
479
479
479
479
479
479
478
479
478
478
478
477
477
477
477
477
477
476
476
476
476
475
475
475
475
474
474
474
474
474
474
473
473
473
473
473
472
472
472
472
471
472
471
471
471
471
471
471
470
470
470
470
469
469
469
469
469
469
469
468
468
468
468
467
468
467
466
467
466
467
466
465
464
464
465
464
463
463
463
463
464
462
462
462
462
462
462
461
461
461
461
461
461
461
460
460
460
460
460
460
459
459
458
460
458
458
458
458
458
457
457
456
456
457
456
456
456
455
458
455
455
455
455
455
455
454
455
454
454
454
454
453
453
453
453
453
453
453
452
452
452
452
452
451
451
452
450
451
451
450
450
450
449
449
448
448
447
447
449
447
447
447
447
447
447
446
447
446
446
446
446
446
445
445
445
445
445
445
445
444
445
444
444
444
444
444
444
444
444
443
444
444
443
444
444
444
443
443
443
444
443
443
442
442
442
442
442
442
441
444
443
440
442
442
440
441
441
441
441
440
440
440
441
441
440
440
440
439
440
439
440
440
440
439
439
439
439
439
439
438
438
438
438
438
438
438
438
437
437
436
438
437
437
437
436
436
436
436
436
435
435
435
434
434
434
433
432
432
432
432
432
431
431
431
431
430
430
429
429
429
428
428
427
426
425
424
424
423
423
422
422
421
421
420
418
417
416
414
413
412
411
410
408
408
406
405
404
402
400
399
397
396
393
391
390
388
386
383
382
380
378
377
374
372
370
368
367
366
363
361
359
358
356
354
352
351
349
348
346
345
343
342
341
340
337
337
334
333
332
330
328
327
326
325
324
324
321
321
318
318
317
316
314
313
312
311
311
310
309
308
308
306
306
305
305
303
304
303
303
302
302
301
300
301
300
300
300
299
298
298
298
297
296
296
295
295
294
294
295
294
293
294
294
293
294
293
293
293
293
293
293
293
292
293
292
292
292
292
292
292
292
292
292
292
292
292
292
292
292
291
292
291
292
291
291
291
291
291
291
290
290
290
290
290
290
289
290
290
289
289
289
289
289
288
289
289
288
289
287
289
288
287
288
287
287
288
287
287
287
286
287
287
288
287
287
287
287
287
287
286
287
286
286
286
286
286
286
286
286
286
286
286
286
286
286
286
286
285
285
285
285
285
284
285
285
285
285
285
285
284
284
284
284
284
284
283
283
283
283
283
284
282
283
283
283
283
282
282
282
282
282
282
282
282
281
281
281
280
281
280
281
280
280
280
281
279
279
279
279
279
278
279
279
279
278
278
278
278
278
278
278
277
277
277
277
277
277
277
277
276
277
276
276
276
276
276
276
276
276
275
276
275
275
276
274
274
275
275
274
274
274
273
273
273
274
273
273
273
273
272
272
272
272
272
272
271
272
271
271
271
271
271
271
270
271
270
271
270
270
270
270
270
270
270
269
270
269
270
269
269
269
269
269
269
268
268
268
268
268
268
268
268
268
268
268
268
268
267
266
267
267
266
266
267
266
266
266
266
266
266
265
265
265
265
265
265
265
265
264
264
265
263
264
263
264
264
264
264
264
264
264
263
264
264
263
263
263
263
263
263
263
262
263
263
262
262
262
263
263
263
262
263
262
262
262
262
262
262
262
262
262
262
262
262
262
262
262
262
261
261
261
262
262
262
261
261
261
261
261
262
261
261
261
262
261
261
260
261
261
261
260
261
261
261
261
261
261
261
261
261
260
261
261
261
261
260
260
261
261
260
260
260
260
260
260
260
261
260
260
260
260
260
260
260
260
260
260
260
260
259
260
259
260
260
258
252
254
254
260
251
259
250
250
253
250
258
254
250
253
250
252
255
250
250
250
249
249
249
248
250
248
248
249
248
248
248
248
248
248
248
247
247
247
248
247
247
246
247
247
247
247
247
247
246
247
247
246
246
246
245
246
246
246
246
246
246
246
246
246
246
246
246
245
246
246
245
245
246
246
245
246
246
245
246
245
245
245
245
245
245
245
245
245
245
245
245
245
245
245
245
244
244
245
245
244
244
244
244
244
244
244
244
244
244
244
244
244
245
244
244
244
244
244
244
244
244
244
244
244
244
244
244
244
244
244
244
244
244
244
244
244
244
243
244
244
244
243
244
243
244
244
244
243
244
244
243
244
243
244
243
243
243
243
243
243
243