
3430
3433
3431
3432
3434
3434
3435
3435
3435
3429
3418
3406
3391
3371
3349
3315
3285
3254
3220
3185
3142
3103
3065
3022
2978
2932
2886
2838
2783
2734
2685
2638
2588
2549
2501
2451
2399
2351
2299
2249
2199
2152
2102
2053
2015
1962
1907
1870
1818
1775
1729
1685
1640
1598
1554
1523
1482
1441
1402
1363
1325
1290
1246
1210
1179
1144
1115
1084
1052
1023
1002
975
950
924
901
880
859
837
819
801
785
759
743
730
717
706
695
684
672
664
656
650
642
637
630
626
623
619
616
613
609
607
604
602
600
599
597
597
596
594
594
593
594
593
594
593
593
594
594
593
594
594
594
594
595
595
596
597
597
597
598
597
597
597
597
593
595
600
600
600
602
603
605
605
607
607
608
610
611
613
613
614
616
616
618
619
621
622
624
626
629
629
631
633
635
637
638
640
642
645
647
650
653
655
658
661
665
668
672
676
679
682
686
690
695
698
704
708
712
718
724
725
729
733
737
741
743
745
748
750
752
754
757
757
757
759
759
760
760
761
760
760
760
760
760
760
760
760
762
760
760
760
760
760
760
760
760
760
759
758
757
757
755
755
756
752
752
752
751
750
749
748
746
746
744
743
742
741
741
740
738
736
737
734
733
733
732
730
729
728
727
727
726
725
725
724
723
722
721
720
720
719
719
718
718
717
716
716
715
714
715
714
713
713
713
711
712
711
710
711
709
709
709
709
708
708
706
705
705
705
704
705
704
704
703
703
702
703
702
702
702
701
701
701
700
699
699
699
699
698
697
696
696
695
695
694
693
693
693
692
691
692
690
689
689
688
688
688
687
686
686
685
685
685
684
683
682
682
682
681
680
680
680
679
678
677
677
677
677
677
675
675
675
675
674
673
672
672
671
671
671
670
670
670
669
669
668
667
666
666
666
664
664
664
663
663
663
662
661
661
661
659
660
659
658
657
656
656
655
655
656
654
653
653
653
652
652
652
652
650
650
649
648
647
647
646
645
645
645
644
644
643
644
643
641
641
639
639
639
639
638
638
637
637
637
636
635
638
634
633
632
632
632
632
631
630
630
629
629
629
629
628
626
625
625
624
624
623
623
622
621
622
621
621
620
620
619
619
618
618
617
616
616
616
615
615
615
614
614
614
613
613
613
612
612
612
612
610
610
609
610
608
608
607
606
606
606
606
605
605
606
603
603
602
603
601
600
599
602
600
599
598
597
597
597
597
596
596
595
595
594
593
593
593
593
593
592
592
591
591
590
590
590
589
589
589
589
587
587
586
586
586
586
585
584
584
584
584
583
583
582
582
582
581
581
581
581
581
580
579
579
580
579
579
578
578
579
577
577
576
577
577
576
576
577
577
576
576
577
577
575
575
575
575
574
575
574
574
573
573
574
573
573
574
573
573
573
572
572
572
571
571
571
570
570
570
570
569
571
568
569
569
568
568
568
567
567
567
566
566
565
565
565
565
565
565
565
565
565
564
563
564
563
563
564
562
562
562
561
560
560
561
560
560
560
561
559
559
559
559
559
559
558
557
557
558
557
557
557
556
557
556
556
556
555
555
555
556
554
554
554
555
554
553
554
553
552
552
552
552
552
552
551
551
552
552
551
551
550
550
550
549
550
550
549
549
549
549
549
549
549
548
548
549
548
547
548
546
546
548
545
545
545
544
544
544
544
543
543
543
543
543
542
542
542
541
541
541
541
541
540
540
540
540
539
539
538
540
538
538
538
538
536
537
537
536
536
536
537
536
536
535
535
535
534
535
535
534
533
535
533
533
533
533
532
533
533
532
532
531
532
530
530
530
529
530
530
529
529
528
528
528
527
527
527
527
527
527
526
526
526
526
527
525
525
525
526
524
524
524
523
523
524
524
522
522
522
521
522
521
521
521
520
521
520
520
521
519
519
519
519
519
518
518
518
517
517
517
516
516
516
516
516
512
515
516
512
516
516
512
512
512
512
512
512
512
512
512
512
511
512
511
511
511
512
511
511
511
511
511
511
511
511
511
511
511
511
511
511
511
511
511
511
511
511
511
511
511
511
511
511
511
511
511
511
511
511
511
511
511
511
511
511
511
511
511
511
511
511
511
511
511
511
511
511
511
511
511
511
510
511
510
510
510
510
510
509
510
509
510
509
509
509
509
509
509
509
508
508
507
508
507
508
507
507
508
507
506
506
506
506
505
506
505
504
505
505
504
504
503
503
503
503
503
503
503
503
503
502
502
502
502
502
502
502
500
501
501
501
500
500
501
500
501
499
500
500
500
499
498
498
497
497
497
497
496
496
496
497
496
496
495
495
495
495
495
494
495
495
495
494
494
494
494
493
494
494
493
493
493
494
493
493
492
492
492
492
492
492
492
492
491
491
491
491
491
490
490
490
490
491
490
488
489
489
488
488
488
488
488
488
487
488
489
488
487
488
487
487
486
486
487
487
487
486
486
486
486
486
486
485
485
485
485
485
484
485
485
485
485
485
484
485
484
484
484
484
484
484
483
483
484
483
483
482
482
482
483
482
482
481
481
481
481
480
481
480
480
480
480
479
479
480
479
479
479
479
479
479
479
479
479
479
478
478
479
478
478
478
478
478
477
478
477
477
477
477
477
477
476
476
477
476
476
475
475
475
475
475
475
475
475
474
476
474
474
474
474
473
473
473
473
473
473
472
473
472
472
472
472
472
472
472
472
473
473
471
471
471
471
471
471
471
472
470
470
471
471
470
470
470
470
470
469
470
470
470
469
469
469
469
470
469
469
469
469
470
469
468
468
469
468
468
468
468
468
468
467
467
467
466
466
466
466
466
466
466
466
467
466
465
465
466
465
465
464
465
464
464
464
465
464
463
464
463
463
463
463
463
463
463
463
463
463
462
462
462
462
462
462
462
461
462
462
461
461
460
461
460
460
460
460
460
460
460
460
460
459
460
459
459
458
458
458
458
458
458
458
457
457
456
456
457
456
456
458
455
455
455
455
455
455
455
455
455
454
454
454
454
453
453
453
453
453
453
453
453
452
453
452
452
452
453
452
452
452
452
452
452
450
452
450
452
451
450
451
449
449
449
449
449
448
449
449
447
449
447
447
447
447
447
447
447
447
446
447
447
446
447
446
446
445
446
446
445
445
445
445
445
445
445
445
445
445
444
444
444
444
444
444
444
444
444
444
444
443
443
443
444
443
442
442
443
443
443
443
442
443
442
442
442
441
441
442
441
441
441
441
441
441
441
440
441
441
441
440
440
440
440
440
440
440
440
440
440
441
440
440
440
439
439
440
439
439
439
439
439
439
439
438
439
439
439
438
439
438
439
438
438
438
438
438
437
438
437
439
437
437
437
437
437
437
437
437
436
437
436
436
436
436
436
436
436
434
436
434
435
434
434
433
432
432
432
432
432
431
431
431
431
430
430
429
429
430
428
428
426
426
425
424
423
422
421
421
420
418
417
416
415
414
412
412
410
408
407
406
405
404
402
400
399
397
396
394
392
391
389
387
385
383
381
380
378
376
374
372
371
368
367
365
364
362
360
359
357
356
354
353
351
349
348
347
345
346
343
342
341
340
337
337
335
334
333
332
332
330
329
328
327
326
325
324
324
324
321
321
319
319
319
318
317
317
316
316
314
314
314
313
313
312
312
311
311
310
310
310
309
309
309
309
308
308
308
308
308
306
306
306
306
306
305
305
305
305
303
303
303
303
303
303
303
302
302
302
301
301
301
301
300
300
300
300
300
299
299
298
297
298
297
297
297
296
296
296
295
295
295
295
294
294
294
294
293
293
293
292
292
292
292
293
292
292
292
291
291
291
292
291
291
291
290
289
290
290
290
289
290
289
289
289
289
289
288
289
289
288
289
288
287
287
288
287
287
287
287
287
287
287
287
286
286
287
286
286
286
286
286
286
286
286
286
286
286
285
286
286
286
285
284
285
285
285
285
285
285
285
285
285
285
285
285
285
285
285
285
284
284
285
284
284
285
284
284
284
284
284
284
284
284
284
283
283
283
283
283
284
283
283
282
282
283
283
283
283
282
282
282
282
282
282
282
282
282
282
282
282
282
281
281
281
281
281
281
281
281
281
281
281
280
281
281
280
280
280
280
280
281
280
280
280
280
280
281
279
280
280
279
280
279
280
279
279
279
279
279
279
278
279
278
279
279
278
278
277
278
278
278
278
278
277
277
277
277
277
276
277
277
277
276
276
276
276
276
276
276
276
276
276
276
275
275
275
275
275
274
275
274
274
274
274
273
274
274
273
274
273
274
274
273
272
273
272
273
272
272
272
272
272
273
272
273
272
273
272
272
271
272
271
271
271
272
271
271
272
271
271
270
271
271
270
270
270
270
269
270
269
270
270
270
269
270
269
269
269
269
269
269
269
269
269
269
268
268
269
268
268
268
268
268
268
267
268
268
267
267
267
267
267
266
267
266
268
267
266
266
266
266
265
266
266
266
265
265
265
266
265
265
265
265
265
265
265
264
264
264
264
264
264
264
264
264
263
264
263
263
264
264
263
263
263
262
262
263
262
262
262
262
262
261
262
262
262
262
261
261
261
261
261
261
260
261
261
260
260
261
260
260
260
260
260
260
260
260
256
257
260
255
256
253
258
250
250
252
250
252
251
250
249
250
250
250
250
250
250
249
250
249
250
249
250
248
249
249
249
249
248
248
248
248
248
248
249
248
248
248
248
248
248
247
247
247
248
247
248
247
247
247
247
247
247
247
246
247
246
247
247
247
246
247
246
246
246
246
246
246
246
246
246
246
246
246
246
246
246
245
246
245
245
245
246
245
245
245
245
245
244
245
244
245
245
245
245
245
245
244
244
244
244
244
244
244
244
244
244
244
244
244
244
244
244
244
244
244
243
243
244
243
244
243
243
243
243
242
242
242
243
242
242
241
242
242
242
242
241
242
241
241
242
241
241
242
241
241
241
241
241
241
241
241
240
240
240
240
240
240
240
240
240
239
239
240
240
239
239
239
239
240