
2699
2699
2699
2699
2698
2699
2700
2699
2698
2698
2689
2657
2611
2547
2460
2360
2257
2168
2089
2020
1957
1892
1829
1766
1718
1671
1631
1591
1554
1526
1486
1449
1411
1374
1341
1308
1264
1230
1199
1168
1143
1121
1105
1090
1070
1044
1022
1000
982
966
951
939
923
903
883
868
853
841
833
826
817
803
790
779
771
753
745
734
727
721
712
703
694
687
683
679
674
666
660
655
650
644
638
632
629
624
620
615
612
607
605
604
599
597
592
591
588
586
583
582
580
577
577
577
575
575
574
574
574
571
567
562
558
554
553
550
549
549
549
549
547
546
544
545
543
543
543
543
542
542
542
541
542
541
541
541
541
541
541
541
541
541
541
541
541
541
