2495
2495
2495
2497
2499
2502
2504
2505
2505
2507
2508
2509
2510
2508
2501
2478
2440
2385
2309
2199
2064
1912
1737
1586
1482
1409
1364
1345
1336
1333
1328
1317
1295
1262
1233
1206
1176
1146
1120
1101
1090
1082
1074
1063
1050
1023
1023
1012
997
974
959
946
938
927
916
907
899
889
875
861
854
843
828
809
796
781
752
723
697
682
678
676
673
665
661
657
655
652
647
644
639
628
618
616
618
619
618
613
604
601
598
598
598
597
595
593
590
588
584
582
581
578
580
580
578
578
577
577
576
576
574
575
577
577
575
576
575
575
576
575
575
575
575
575
573
575
572
573
574
573
573
570
569
568
568
566
566
566
566
566
565
565
563
561
560
558
553
550
548
547
544
540
539
538
536
534
533
532
533
532
530
528
529
527
526
524
523
521
518
518
517
516
518
516
516
516
511
511
511
511
511
511
511
512
511
511
511
511
511
511
511
510
510
509
509
509
508
507
505
504
504
501
497
495
494
493
491
490
487
486
485
483
480
478
477
474
469
463
460
455
449
440
432
426
420
413
405
398
391
383
375
366
358
348
339
330
321
310
297
287
278
270
262
242
229
213
195
175
151
123
92
64
41
25
7
0
0
