2787
2860
2923
2984
3044
3096
3151
3206
3258
3308
3366
3413
3458
3502
3545
3581
3609
3642
3673
3701
3722
3745
3761
3776
3785
3794
3799
3801
3798
3793
3786
3776
3763
3748
3729
3708
3681
3653
3622
3587
3560
3521
3480
3435
3387
3341
3283
3231
3177
3122
3068
3012
2953
2891
2829
2759
2696
2629
2564
2508
2442
2375
2309
2234
2167
2098
2038
1971
1905
1840
1767
1704
1641
1579
1530
1471
1414
1360
1306
1248
1197
1148
1101
1056
1016
976
940
904
872
842
819
797
778
756
746
738
733
731
729
730
732
735
740
749
758
783
802
825
851
879
912
948
988
1023
1070
1116
1163
1213
1266
1330
1383
1441
1500
1549
1609
1672
1736
1810
1874
1941
2009
2068
2137
2203
2272
2349
2416
2483
2550
2607
2675
2738
2812
2876
2937
2998
3057
3109
3164
3218
3270
3327
3378
3424
3471
3514
3553
3584
3619
3650
3680
3706
3729
3749
3765
3778
3788
3795
3799
3800
3797
3792
3785
3774
3761
3745
3723
3701
3676
3647
3616
3583
3552
3511
3467
3422
3377
3325
3270
3216
3164
3109
3056
2997
2938
2876
2812
2744
2680
2615
2555
2493
2427
2361
2284
2216
2150
2083
2023
1956
1891
1825
1752
1689
1628
1567
1517
1457
1404
1348
1294
1234
1185
1137
1090
1046
1010
968
931
895
866
837
813
792
775
754
744
737
733
731
731
732
734
735
741
749
772
786
807
830
856
886
922
957
997
1025
1081
1127
1176
1228
1286
1340
1396
1453
1512
1562
1623
1687
1750
1824
1890
1955
2022
2085
2153
2220
2288
2364
2433
2498
2560
2623
2689
2754
2826
2889
2952
3011
3065
3120
3176
3231
3281
3340
3389
3438
3481
3524
3563
3592
3627
3659
3688
3711
3733
3752
3768
3780
3789
3794
3798
3799
3795
3789
3784
3772
3758
3739
3718
3695
3670
3640
3608
3581
3542
3499
3458
3411
3365
3307
3257
3204
3151
3095
3043
2985
2924
2864
2791
2730
2664
2600
2543
2478
2410
2343
2268
2202
2135
2068
2007
1940
1875
1809
1738
1676
1615
1554
1503
1445
1390
1336
1284
1224
1173
1125
1081
1039
997
958
922
888
858
831
809
789
773
751
741
737
733
732
731
731
733
736
742
752
774
790
811
835
863
894
928
968
1008
1046
1092
1140
1189
1239
1301
1356
1412
1468
1528
1580
1643
1704
1769
1843
1911
1975
2042
2105
2173
2240
2316
2387
2453
2520
2578
2644
2710
2773
2847
2909
2970
3030
3083
3140
3194
3246
3298
3358
3405
3450
3495
3537
3577
3604
3640
3669
3695
3719
3740
3758
3772
3784
3790
3796
3800
3799
3795
3789
3780
3767
3751
3732
3711
3686
3659
3628
3593
3564
3526
3484
3439
3393
3345
3287
3235
3182
3127
3074
3018
2960
2898
2837
2765
2701
2638
2572
2515
2447
2382
2314
2239
2171
2105
2042
1976
1911
1846
1773
1709
1646
1584
1533
1477
1420
1364
1311
1251
1200
1151
1103
1057
1020
978
940
905
873
846
821
798
781
757
747
740
735
733
730
729
731
734
741
749
758
782
801
824
850
879
915
949
990
1023
1072
1118
1168
1216
1267
1330
1385
1440
1498
1549
1610
1673
1737
1811
1875
1942
2010
2073
2140
2207
2275
2353
2420
2487
2554
2612
2678
2742
2810
2878
2939
3001
3060
3112
3167
3222
3276
3332
3383
3429
3475
3517
3558
3587
3623
3653
3681
3708
3729
3748
3765
3777
3786
3794
3800
3801
3799
3792
3785
3774
3760
3743
3723
3698
3672
3643
3609
3581
3545
3503
3460
3415
3368
3311
3260
3210
3156
3100
3048
2990
2929
2868
2798
2733
2669
2604
2547
2481
2414
2347
2271
2203
2136
2070
2008
1943
1878
1813
1738
1677
1614
1555
1506
1449
1392
1337
1284
1224
1174
1127
1080
1028
999
960
921
889
860
834
809
790
773
752
743
737
733
731
729
731
733
736
742
751
773
790
812
838
866
896
931
969
1011
1049
1095
1142
1194
1243
1305
1357
1413
1470
1530
1582
1643
1707
1772
1845
1913
1979
2044
2108
2177
2243
2320
2388
2456
2522
2580
2646
2711
2776
2847
2911
2974
3031
3084
3141
3197
3249
3302
3360
3406
3454
3498
3539
3579
3606
3639
3668
3695
3720
3740
3758
3771
3784
3791
3798
3801
3800
3796
3789
3779
3768
3752
3733
3711
3684
3656
3626
3591
3563
3523
3480
3437
3390
3342
3285
3233
3182
3126
3074
3018
2958
2899
2835
2765
2697
2633
2567
2510
2445
2378
2311
2235
2168
2101
2040
1975
1909
1843
1771
1708
1644
1585
1532
1476
1418
1361
1308
1247
1196
1148
1100
1055
1017
977
939
906
872
845
821
800
781
758
747
740
734
731
731
730
732
734
739
747
758
783
804
827
853
882
916
953
992
1023
1074
1121
1168
1220
1274
1333
1388
1444
1504
1554
1615
1677
1742
1816
1881
1948
2015
2078
2145
2213
2280
2358
2425
2492
2557
2615
2681
2747
2819
2883
2943
3003
3064
3117
3172
3226
3278
3338
3387
3433
3478
3521
3560
3588
3624
3656
3684
3708
3730
3749
3765
3779
3790
3796
3800
3801
3798
3793
3786
3776
3761
3742
3721
3697
3670
3641
3609
3581
3542
3501
3458
3412
3368
3309
3258
3207
3153
3099
3045
2986
2928
2866
2794
2728
2666
2598
2540
2476
2409
2343
2266
2197
2133
2067
2007
1940
1875
1811
1739
1675
1613
1552
1503
1443
1389
1334
1279
1221
1169
1123
1076
1023
997
957
921
887
859
832
809
791
773
751
742
735
733
730
730
730
732
734
742
752
776
794
815
839
866
899
934
972
1014
1052
1097
1145
1194
1245
1306
1359
1415
1473
1532
1584
1647
1710
1775
1849
1915
1982
2046
2113
2180
2249
2323
2392
2459
2526
2582
2650
2714
2778
2850
2913
2974
3036
3089
3145
3202
3254
3306
3364
3412
3457
3500
3542
3581
3608
3640
3669
3696
3719
3742
3758
3774
3785
3794
3798
3801
3801
3798
3790
3780
3768
3750
3731
3710
3682
3656
3624
3588
3560
3521
3477
3435
3390
3341
3283
3232
3179
3124
3072
3016
2955
2894
2829
2759
2694
2631
2564
2507
2441
2374
2305
2231
2166
2099
2036
1971
1906
1842
1770
1706
1644
1582
1530
1471
1415
1360
1304
1245
1194
1146
1096
1055
1018
976
938
904
874
845
821
798
781
757
747
738
734
731
728
727
730
734
738
748
770
786
804
828
855
884
918
955
995
1023
1075
1123
1170
1219
1277
1334
1389
1446
1505
1556
1618
1681
1747
1816
1885
1952
2019
2082
2149
2215
2283
2361
2427
2494
2558
2619
2682
2749
2820
2884
2947
3007
3064
3119
3175
3229
3281
3340
3389
3434
3480
3522
3563
3592
3625
3656
3683
3709
3731
3752
3768
3780
3791
3797
3802
3803
3800
3793
3786
3773
3759
3741
3720
3697
3668
3637
3606
3579
3540
3501
3460
3411
3365
3307
3259
3206
3152
3095
3044
2985
2924
2863
2791
2727
2661
2598
2539
2473
2405
2342
2266
2199
2133
2066
2004
1939
1874
1810
1736
1673
1611
1550
1500
1442
1385
1331
1272
1220
1169
1122
1077
1023
996
956
922
888
859
832
809
788
772
751
741
735
730
728
727
730
732
738
745
754
777
795
818
841
870
901
937
973
1015
1052
1098
1145
1194
1245
1307
1362
1418
1476
1534
1587
1650
1716
1778
1852
1919
1985
2050
2115
2182
2249
2327
2396
2460
2527
2585
2651
2716
2782
2854
2916
2978
3038
3092
3148
3202
3257
3308
3364
3412
3459
3502
3543
3579
3605
3640
3671
3696
3722
3742
3761
3775
3786
3794
3800
3803
3802
3796
3789
3780
3766
3750
3731
3708
3683
3654
3624
3589
3562
3523
3482
3438
3391
3344
3285
3235
3181
3128
3072
3015
2958
2898
2834
2761
2698
2633
2567
2508
2444
2379
2312
2237
2170
2104
2042
1977
1912
1846
1774
1710
1648
1586
1533
1475
1419
1364
1310
1249
1200
1151
1104
1058
1022
981
944
908
878
849
822
801
781
758
746
738
733
728
729
727
732
734
738
747
758
783
802
825
851
879
911
947
986
1023
1066
1111
1159
1210
1263
1324
1378
1435
1493
1545
1606
1669
1733
1808
1872
1938
2003
2065
2132
2202
2268
2343
2411
2478
2543
2602
2667
2733
2796
2870
2932
2993
3052
3105
3160
3216
3268
3320
3376
3423
3467
3509
3551
3583
3614
3646
3677
3704
3725
3746
3764
3778
3789
3797
3801
3803
3799
3795
3788
3777
3763
3745
3725
3702
3676
3647
3618
3584
3553
3514
3471
3427
3380
3333
3275
3224
3169
3112
3060
3002
2945
2882
2819
2747
2683
2617
2558
2497
2429
2363
2287
2218
2153
2088
2028
1963
1897
1830
1757
1693
1631
1570
1519
1462
1404
1351
1297
1236
1187
1139
1092
1048
1010
971
934
901
869
840
817
796
777
755
743
735
732
730
730
730
732
734
740
750
773
790
807
831
858
887
921
960
1000
1025
1079
1125
1173
1222
1284
1339
1394
1450
1508
1562
1623
1687
1750
1825
1887
1954
2023
2084
2151
2218
2286
2362
2429
2495
2559
2621
2686
2752
2825
2891
2950
3012
3071
3121
3178
3231
3282
3341
3389
3435
3479
3522
3562
3589
3625
3657
3685
3711
3732
3753
3769
3783
3791
3798
3801
3802
3799
3793
3785
3772
3758
3739
3719
3695
3669
3642
3608
3581
3543
3503
3460
3415
3369
3311
3261
3208
3154
3099
3046
2987
2926
2866
2793
2729
2665
2601
2544
2480
2412
2347
2269
2205
2138
2072
2010
1943
1881
1814
1740
1678
1616
1553
1505
1446
1389
1337
1283
1223
1175
1127
1081
1039
1002
962
925
890
861
835
811
790
772
749
741
735
732
731
729
731
733
737
743
754
776
793
814
836
865
895
930
966
1008
1044
1089
1136
1186
1238
1299
1353
1408
1468
1525
1578
1639
1703
1768
1840
1907
1972
2039
2100
2167
2235
2311
2378
2447
2516
2572
2638
2702
2769
2842
2904
2966
3026
3079
3134
3190
3243
3295
3352
3400
3446
3490
3532
3571
3600
3633
3664
3692
3717
3739
3758
3773
3785
3793
3797
3801
3802
3797
3790
3780
3768
3752
3734
3713
3688
3662
3632
3598
3571
3533
3492
3448
3404
3356
3295
3246
3194
3138
3083
3030
2972
2910
2847
2775
2713
2648
2583
2526
2459
2394
2328
2253
2188
2120
2052
1991
1926
1861
1797
1724
1660
1598
1540
1488
1432
1376
1320
1262
1212
1164
1116
1071
1023
990
952
915
882
853
826
804
784
760
748
740
737
733
731
729
733
735
740
747
757
780
797
820
844
872
905
940
979
1020
1059
1104
1153
1202
1252
1316
1371
1427
1485
1536
1597
1660
1723
1795
1862
1927
1993
2055
2123
2189
2257
2333
2403
2471
2537
2595
2660
2726
2791
2864
2928
2988
3046
3101
3155
3209
3262
3314
3370
3417
3463
3505
3548
3583
3613
3645
3675
3702
3726
3746
3764
3778
3786
3795
3800
3802
3799
3794
3786
3776
3763
3746
3729
3705
3679
3651
3619
3586
3559
3518
3475
3430
3383
3335
3275
3224
3170
3115
3063
3005
2944
2883
2822
2749
2685
2620
2559
2498
2432
2366
2290
2224
2156
2090
2029
1962
1896
1833
1758
1696
1631
1570
1521
1462
1406
1351
1298
1238
1189
1140
1094
1049
1010
971
934
899
867
839
815
794
776
753
744
737
732
731
731
732
734
737
742
751
772
788
809
831
858
888
921
957
999
753
744
737
732
731
731
732
734
737
742
751
772
788
809
831
858
888
921
957
999
