757
757
899
1187
1578
2041
2522
2974
3363
3636
3776
3759
3588
3280
2881
2420
1948
1504
1121
862
751
778
948
1262
1665
2136
2608
3057
3431
3678
3785
3737
3543
3206
2788
2321
1852
1420
1056
826
747
798
1003
1346
1759
2233
2705
3140
3495
3714
3789
3705
3482
3123
2688
2216
1745
1337
998
797
748
828
1064
1432
1868
2347
2809
3222
3557
3744
3783
3669
3415
3035
2587
2114
1648
1249
941
776
751
865
1134
1518
1968
2448
2911
3299
3603
3766
3773
3625
3340
2951
2498
2020
1557
1173
891
755
765
911
1205
1601
2065
2545
3000
3381
3650
3779
3754
3580
3260
2860
2396
1920
1480
1102
850
750
781
963
1290
1695
2165
2637
3084
3448
3691
3786
3729
3525
3179
2753
2286
1820
1391
1034
815
747
807
1016
1373
1798
2268
2739
3167
3515
3724
3789
3696
3460
3095
2655
2182
1712
1308
978
788
747
839
1091
1460
1902
2380
2845
3249
3573
3752
3782
3655
3391
3012
2560
2074
1619
1222
920
767
752
879
1156
1538
1999
2480
2937
3328
3616
3771
3768
3610
3309
2922
2465
1987
1533
1149
877
753
769
928
1234
1635
2101
2578
3035
3411
3667
3783
3745
3559
3223
2809
2348
1870
1434
1065
831
748
796
995
1335
1746
2223
2694
3132
3490
3711
3789
3709
3486
3126
2689
2219
1746
1337
996
796
748
830
1064
1436
1875
2354
2817
3226
3563
3746
3783
3664
3407
3028
2574
2100
1634
1233
930
769
752
878
1149
1537
1993
2472
2932
3325
3616
3770
3768
3610
3313
2918
2462
1982
1530
1145
873
753
773
929
1239
1642
2110
2584
3042
3416
3670
3784
3743
3555
3218
2805
2341
1863
1427
1061
826
748
796
1000
1340
1760
2231
2705
3139
3496
3716
3788
3707
3480
3120
2680
2210
1738
1327
991
792
748
831
1069
1444
1883
2360
2826
3236
3568
3751
3782
3661
3399
3020
2564
2088
1624
1225
924
765
753
879
1156
1543
2004
2485
2942
3336
3624
3773
3766
3604
3302
2910
2450
1972
1521
1136
867
750
775
938
1249
1653
2122
2597
3052
3425
3676
3785
3739
3547
3209
2793
2329
1852
1418
1059
824
746
798
1008
1353
1771
2242
2716
3149
3503
3720
3789
3702
3473
3111
2671
2198
1727
1319
983
790
747
836
1080
1453
1895
2373
2841
3247
3574
3752
3783
3655
3391
3009
2554
2076
1611
1216
917
765
754
885
1164
1552
2018
2496
2953
3347
3629
3775
3765
3598
3293
2899
2440
1962
1514
1129
862
749
775
944
1258
1663
2129
2607
3059
3432
3681
3787
3738
3541
3200
2777
2316
1842
1407
1051
820
746
802
1009
1360
1782
2253
2725
3158
3510
3722
3790
3700
3466
3100
2662
2188
1717
1311
978
787
748
838
1087
1462
1905
2384
2850
3254
3577
3755
3781
3653
3384
3002
2549
2068
1605
1205
910
758
754
887
1171
1558
2024
2503
2962
3352
3633
3776
3764
3596
3288
2893
2432
1954
1507
1122
860
749
776
947
1264
1671
2140
2613
3065
3437
3683
3787
3737
3538
3195
2771
2310
1837
1405
1048
817
745
802
1016
1366
1788
2258
2731
3162
3516
3727
3790
3698
3463
3095
2656
2186
1715
1310
976
786
746
840
1088
1466
1908
2386
2853
3257
3580
3755
3781
3651
3384
3000
2548
2066
1603
1208
913
757
753
888
1171
1561
2025
2506
2962
3352
3634
3775
3764
3595
3288
2891
2430
1951
1505
1122
860
749
776
949
1264
1672
2141
2617
3066
3438
3684
3788
3737
3538
3194
2770
2308
1836
1404
1053
816
744
802
1012
1365
1788
2260
2731
3162
3513
3725
3790
3698
3465
3097
2657
2184
1713
1308
974
785
745
839
1087
1465
1909
2389
2852
3256
3579
3756
3781
3651
3384
2999
2551
2068
1604
1209
914
758
752
888
1171
1559
2025
2505
2961
3353
3633
3775
3764
3597
3289
2894
2431
1954
1507
1124
861
750
775
946
1265
1668
2138
2614
3065
3436
3683
3787
3736
3539
3197
2774
2311
1837
1406
1049
818
745
802
1011
1363
1786
2258
2730
3163
3515
3722
3789
3699
3465
3099
2660
2188
1717
1312
978
789
747
838
1086
1462
1904
2383
2848
3253
3577
3753
3781
3654
3385
3006
2551
2069
1606
1211
911
758
751
885
1166
1556
2021
2502
2958
3351
3630
3776
3764
3597
3291
2897
2437
1959
1504
1127
863
750
772
948
1260
1665
2135
2611
3063
3433
3681
3785
3736
3539
3197
2775
2314
1839
1408
1052
820
747
802
1011
1358
1784
2257
2728
3157
3513
3722
3789
3698
3464
3100
2659
2187
1715
1310
973
788
747
839
1087
1462
1904
2384
2849
3254
3579
3753
3778
3651
3384
3001
2553
2070
1605
1210
915
765
754
887
1170
1558
2021
2502
2959
3353
3631
3774
3763
3598
3289
2895
2435
1958
1509
1126
864
750
776
945
1263
1668
2135
2611
3063
3434
3688
3785
3736
3539
3197
2773
2313
1841
1413
1050
820
747
800
1010
1362
1784
2255
2725
3160
3511
3721
3789
3699
3464
3100
2660
2193
1719
1311
978
790
748
838
1086
1460
1904
2383
2848
3255
3577
3753
3780
3652
3385
3003
2551
2070
1606
1210
915
761
753
886
1168
1556
2022
2502
2958
3346
3631
3774
3764
3595
3289
2895
2436
1958
1509
1126
863
751
777
945
1260
1664
2134
2610
3061
3434
3679
3786
3736
3539
3198
2776
2316
1843
1410
1053
821
748
802
1009
1360
1783
2255
2726
3153
3509
3726
3789
3699
3465
3102
2660
2190
1721
1313
981
790
749
839
1086
1461
1902
2384
2846
3252
3577
3753
3780
3652
3385
3005
2552
2072
1610
1215
918
763
755
886
1168
1555
2020
2500
2956
3348
3631
3774
3763
3596
3288
2898
2436
1958
1512
1129
863
751
777
945
1260
1666
2135
2610
3062
3432
3681
3786
3735
3541
3199
2776
2316
1842
1410
1054
821
749
802
1010
1361
1782
2254
2725
3156
3508
3722
3788
3699
3466
3101
2662
2191
1720
1315
981
788
750
839
1086
1461
1903
2383
2849
3251
3576
3753
3780
3652
3385
3004
2551
2070
1610
1215
918
762
755
886
1169
1557
2023
2499
2956
3348
3632
3775
3764
3596
3290
2897
2436
1959
1514
1133
865
750
777
944
1260
1663
2132
2610
3059
3432
3680
3786
3736
3541
3199
2778
2316
1844
1412
1056
822
747
802
1008
1360
1778
2250
2723
3155
3507
3720
3789
3699
3467
3103
2664
2192
1722
1316
983
791
747
838
1084
1458
1900
2379
2845
3249
3574
3752
3781
3653
3386
3005
2553
2072
1611
1216
919
772
753
886
1168
1555
2017
2498
2955
3347
3628
3774
3764
3597
3292
2897
2439
1959
1513
1130
866
752
778
944
1259
1663
2130
2606
3058
3429
3679
3785
3738
3541
3202
2779
2320
1845
1413
1056
823
748
801
1007
1358
1775
2247
2719
3152
3505
3718
3788
3702
3470
3109
2669
2198
1727
1321
986
792
750
835
1080
1451
1893
2369
2837
3242
3572
3749
3780
3657
3394
3014
2562
2083
1620
1223
924
773
755
881
1159
1547
2007
2488
2945
3337
3623
3771
3765
3604
3300
2909
2448
1970
1520
1138
871
752
776
938
1247
1653
2121
2595
3050
3422
3674
3783
3738
3548
3211
2792
2332
1856
1423
1058
827
748
801
1004
1350
1765
2238
2713
3143
3498
3715
3787
3703
3476
3114
2676
2205
1733
1326
991
794
750
834
1074
1446
1887
2365
2830
3237
3569
3748
3780
3659
3398
3019
2565
2088
1625
1227
926
772
754
880
1156
1542
2004
2482
2940
3332
3620
3771
3766
3603
3306
2913
2454
1977
1526
1140
872
753
775
936
1243
1648
2116
2591
3045
3419
3678
3784
3740
3551
3214
2796
2337
1864
1426
1059
828
751
798
1002
1343
1759
2232
2705
3137
3496
3713
3787
3705
3478
3116
2681
2210
1739
1326
993
794
750
832
1074
1441
1882
2359
2826
3234
3563
3746
3780
3658
3397
3022
2569
2089
1628
1229
928
773
754
878
1153
1539
2000
2476
2935
3326
3619
3769
3766
3605
3307
2916
2458
1982
1528
1143
875
755
773
933
1240
1640
2108
2584
3041
3413
3668
3783
3742
3553
3218
2806
2344
1867
1433
1067
830
750
796
995
1337
1748
2222
2694
3129
3490
3711
3787
3709
3485
3126
2691
2224
1750
1341
1001
797
749
828
1063
1438
1868
2345
2808
3225
3559
3744
3782
3665
3407
3033
2581
2109
1640
1241
934
775
754
872
1143
1527
1983
2464
2923
3314
3611
3767
3768
3614
3323
2930
2474
1997
1541
1155
880
753
768
923
1226
1627
2086
2567
3023
3404
3663
3782
3746
3564
3231
2826
2362
1886
1445
1076
836
750
793
988
1323
1734
2206
2680
3120
3478
3706
3787
3713
3495
3140
2707
2233
1766
1352
1005
800
748
822
1052
1420
1856
2333
2792
3211
3550
3740
3784
3673
3419
3046
2597
2123
1655
1248
943
777
752
866
1133
1517
1966
2449
2909
3301
3604
3766
3771
3620
3339
2943
2490
2011
1552
1169
887
755
768
915
1214
1612
2074
2556
3013
3391
3657
3780
3751
3571
3243
2841
2376
1901
1460
1087
841
749
786
976
1311
1717
2190
2662
3103
3468
3701
3787
3720
3505
3155
2724
2253
1787
1365
1017
806
747
817
1050
1403
1835
2311
2771
3197
3540
3736
3785
3681
3432
3061
2613
2140
1674
1273
955
779
751
856
1116
1498
1946
2428
2888
3284
3593
3762
3774
3634
3354
2965
2513
2031
1570
1182
896
755
758
905
1199
1591
2055
2542
2991
3377
3647
3779
3755
3579
3260
2859
2397
1918
1479
1101
847
749
783
965
1294
1698
2170
2646
3088
3456
3691
3787
3726
3518
3169
2740
2275
1804
1381
1025
810
747
812
1028
1389
1818
2292
2758
3181
3529
3731
3786
3686
3445
3075
2629
2155
1687
1283
963
784
748
849
1107
1487
1933
2413
2877
3279
3588
3760
3777
3639
3365
2976
2524
2042
1580
1193
904
757
758
899
1189
1582
2045
2527
2983
3368
3642
3779
3759
3586
3270
2872
2409
1935
1487
1110
853
750
780
959
1281
1688
2159
2635
3080
3448
3690
3788
3729
3523
3178
2751
2284
1816
1387
1033
811
748
809
1021
1383
1808
2281
2749
3177
3526
3729
3787
3692
3452
3083
2638
2166
1696
1292
968
785
748
847
1100
1478
1923
2403
2866
3268
3584
3757
3779
3644
3371
2986
2534
2052
1590
1197
907
759
757
896
1182
1572
2037
2517
2972
3364
3637
3776
3761
3590
3277
2880
2419
1939
1494
1114
856
750
779
953
1275
1680
2150
2625
3074
3445
3687
3787
3733
3531
3186
2761
2297
1827
1394
1034
817
747
805
1018
1373
1795
2269
2737
3168
3518
3724
3788
3696
3459
3090
2647
2176
1707
1303
973
786
749
843
1090
1467
1912
2391
2856
3259
3580
3755
3781
3650
3380
2996
2543
2063
1603
1204
911
764
754
887
1175
1561
2026
2505
2962
3354
3634
3774
3763
3594
3287
2893
2430
1953
1505
1123
861
752
778
948
1262
1668
2139
2614
3064
3431
3684
3785
3736
3540
3199
2773
2312
1840
1408
1050
820
748
804
1013
1363
1784
2253
2725
3159
3511
3722
3788
3699
3464
3105
2663
2190
1717
1310
980
788
749
838
1083
1458
1900
2380
2846
3247
3576
3754
3781
3655
3389
3009
2552
2071
1610
1211
916
761
754
885
1167
1555
2017
2498
2956
3350
3631
3773
3763
3598
3292
2900
2440
1961
1511
1127
861
750
776
944
1167
1555
2017
2498
2956
3350
3631
3773
3763
3598
3292
2900
2440
1961
1511
1127
861
750
776
944
